	0	0.00208902	0.000160694	0.000803471	0	0	0	0.00112486	0.0081954	0.000160694	0.0027318	0	0.000321388	0	0	0.000482083	0	0	0.00498152	0	0.000642777	0.000321388	0	0	0	0.00530291	0.000321388	0	0	0	0
	0	8	0	25	0	18	0	10	0	1
		8		25		18		10		1	0.0112486	0.00128555	0	0	0.000160694	0.00208902	0.00224972	0.000482083	0.000160694	0	0.000642777	0.00208902	0	0.00192833	0.000803471	0.000321388	0	0.00224972	0.000160694	0.000160694	0.00257111	0.000321388	0	0	0.00610638	0.000642777	0	0	0.000160694	0	0
	1	0	0	8	1	24	0	25	0	18
		31		8		55		25		18	0.00224972	0.00144625	0	0.0028925	0.000482083	0.00851679	0	0.00498152	0.000160694	0	0.00176764	0	0.000321388	0	0.000160694	0	0	0	0.00305319	0	0.0027318	0	0	0	0	0.000803471	0.00530291	0.000321388	0	0.000321388	0
	1	0	2	5	0	8	1	24	0	25
		31		67		8		55		25	0.00112486	0	0	0.000482083	0.000642777	0	0.0081954	0.000321388	0.000964165	0	0.00707054	0	0	0.00787402	0	0.000482083	0.000482083	0.000321388	0.000160694	0.000482083	0.000964165	0.00144625	0	0.000160694	0.00208902	0.00128555	0.000160694	0.000803471	0	0	0
	1	0	2	5	0	8	3	6	3	13
		31		67		8		99		106	0.000160694	0.000160694	0	0.00144625	0	0.00658846	0.000642777	0.0114093	0.000642777	0	0.00208902	0	0.000321388	0.00257111	0	0	0.000321388	0	0.000321388	0	0.000321388	0	0	0	0.0027318	0.000321388	0.00353527	0.000964165	0	0.000160694	0
	4	7	1	0	2	5	0	8	3	6
		131		31		67		8		99	0.000803471	0	0.000321388	0.000642777	0	0.00257111	0.000642777	0.00128555	0.000964165	0	0.0126948	0	0	0.0112486	0.000321388	0.00241041	0	0	0.000964165	0.000160694	0.000321388	0.000803471	0	0	0.000321388	0.00144625	0	0	0.00144625	0	0.000160694
	5	10	4	7	1	0	5	13	2	5
		165		131		31		168		67	0.00160694	0.000803471	0.000160694	0	0	0.00305319	0	0.00128555	0.000642777	0	0.00144625	0	0	0	0.000160694	0.00128555	0.000482083	0	0.000482083	0.00128555	0.00224972	0	0	0	0.0027318	0	0.000642777	0	0	0	0
	5	10	4	7	1	0	5	13	2	5
		165		131		31		168		67	0.00176764	0.000321388	0	0.00337458	0.000321388	0.000160694	0	0.000482083	0.000803471	0	0.00482083	0	0.000160694	0.000160694	0.00224972	0.000160694	0	0.000160694	0.000482083	0	0.00257111	0.00224972	0	0	0.000321388	0	0.00337458	0	0	0.000160694	0
	5	10	4	7	1	0	5	13	2	5
		165		131		31		168		67	0.000803471	0	0.000160694	0.00128555	0	0.00433874	0.0165515	0.000482083	0.000482083	0.000321388	0.000321388	0	0	0.00160694	0	0.000964165	0.000803471	0.000160694	0	0.00578499	0.000803471	0.000642777	0	0	0.000964165	0.00176764	0.000160694	0.000321388	0	0	0.000321388
	8	6	5	10	4	7	1	0	5	13
		254		165		131		31		168	0	0	0.000321388	0.000321388	0	0.00433874	0.0027318	0.00739193	0.000321388	0.00241041	0.000964165	0.000160694	0.00385666	0.000160694	0	0	0.000482083	0	0.000482083	0.000803471	0.00257111	0	0.00658846	0	0	0	0	0.00321388	0.000321388	0.00257111	0
	8	6	5	10	4	7	1	0	5	13
		254		165		131		31		168	0.00128555	0	0.00144625	0	0.000803471	0.00144625	0.000482083	0	0.00771332	0	0.00642777	0	0.000482083	0.000964165	0.00128555	0.00899888	0	0	0.000160694	0.000321388	0	0	0.00208902	0.000160694	0.00176764	0.0128555	0.00321388	0.000321388	0.000482083	0	0
	8	6	10	25	5	10	4	7	1	0
		254		335		165		131		31	0	0.00257111	0.000321388	0	0	0	0	0.00642777	0.000321388	0	0.000642777	0.000482083	0.00208902	0	0	0.000160694	0.000160694	0	0.000482083	0	0.000321388	0	0	0	0	0.00128555	0	0.000803471	0.000160694	0.0027318	0
	8	6	10	25	5	10	4	7	1	0
		254		335		165		131		31	0.000482083	0.000803471	0	0	0.00176764	0.000964165	0	0.00112486	0.00337458	0	0.0101237	0.00305319	0.000321388	0	0	0.00690985	0.000321388	0	0.00128555	0.000321388	0	0	0	0	0	0.00128555	0	0	0	0	0
	8	6	10	25	5	10	4	7	1	0
		254		335		165		131		31	0	0.00160694	0	0.000482083	0.000160694	0.00578499	0	0.00112486	0	0.000803471	0.00208902	0.000160694	0.000482083	0	0	0	0	0	0.000964165	0	0.00964165	0.000964165	0	0	0.000482083	0	0	0.000160694	0	0.000482083	0
	8	6	10	25	5	10	4	7	1	0
		254		335		165		131		31	0	0.000321388	0	0	0.00192833	0.00578499	0.00128555	0	0.00257111	0	0.000482083	0	0.00305319	0	0	0	0	0	0.00112486	0.000642777	0.00787402	0	0	0.000160694	0.00594569	0.000642777	0	0	0	0.00208902	0
	8	6	10	25	5	10	4	7	1	0
		254		335		165		131		31	0.00128555	0.00144625	0.000160694	0	0.000321388	0.000160694	0	0.00128555	0.000321388	0.000160694	0.000642777	0	0.000160694	0.000160694	0	0.00803471	0	0	0.000160694	0.000803471	0	0.00433874	0	0	0	0.00144625	0.000642777	0.000160694	0	0.000160694	0
	8	6	10	25	5	10	4	7	1	0
		254		335		165		131		31	0	0.0027318	0	0.000642777	0	0.00305319	0.00401735	0	0.00144625	0	0.000964165	0.000321388	0	0.000482083	0.000321388	0.000321388	0	0	0.000160694	0	0.00899888	0	0	0	0.00755263	0.00192833	0	0.000482083	0	0	0
	8	6	10	25	5	10	4	7	1	0
		254		335		165		131		31	0.00305319	0.000642777	0	0.000160694	0.0027318	0.00224972	0.000803471	0	0.00160694	0	0.0028925	0.000160694	0.000482083	0.000964165	0	0.0027318	0.000482083	0.00112486	0	0	0	0	0	0.000160694	0.000321388	0.000642777	0.00658846	0	0.000642777	0	0
	8	6	10	25	5	10	4	7	1	0
		254		335		165		131		31	0.00353527	0	0	0.00257111	0.000160694	0	0.00449944	0.000482083	0.000160694	0	0.000482083	0.000160694	0	0.00803471	0	0.000160694	0	0	0.000642777	0.000160694	0.00257111	0	0	0	0.000482083	0	0.00176764	0	0	0.000160694	0.000160694
	8	6	10	25	5	10	4	7	1	0
		254		335		165		131		31	0.00723124	0.000160694	0	0.000482083	0.000160694	0.000321388	0.00658846	0.000482083	0.000803471	0	0.000642777	0	0.000482083	0.000321388	0	0	0.000482083	0.000642777	0.00257111	0.000482083	0.0181584	0	0	0.000321388	0	0.000321388	0.000642777	0	0	0	0.000160694
	19	20	8	6	10	25	5	10	4	7
		609		254		335		165		131	0.000321388	0.000321388	0.000321388	0.0054636	0	0.00626707	0.000803471	0.00642777	0	0	0.000321388	0	0	0.000482083	0	0.000321388	0	0	0	0	0	0.000964165	0	0	0	0	0	0.000321388	0	0	0.000160694
	19	20	8	6	10	25	5	10	4	7
		609		254		335		165		131	0.000803471	0.000642777	0.000160694	0.000321388	0.000160694	0.00176764	0.00353527	0.00192833	0.00192833	0.0056243	0.0028925	0	0	0.000160694	0	0	0	0	0.00112486	0	0.0138197	0	0	0.000160694	0.000160694	0.00449944	0	0.000482083	0	0	0
	19	20	8	6	21	20	10	25	5	10
		609		254		671		335		165	0.00642777	0	0	0.00128555	0.000160694	0	0.000964165	0.000482083	0	0	0.000803471	0	0.00144625	0.00241041	0	0	0	0.000321388	0.000482083	0.000482083	0.000642777	0	0	0.00128555	0.000803471	0	0.00112486	0.00257111	0	0.000321388	0
	19	20	8	6	21	20	10	25	5	10
		609		254		671		335		165	0.000160694	0	0	0.00417805	0	0.000482083	0.000321388	0.00257111	0	0	0.00128555	0	0	0.000642777	0	0.00112486	0.000160694	0	0	0	0.00144625	0	0	0.000321388	0.000482083	0	0.000321388	0.00144625	0	0	0.000160694
	19	20	8	6	21	20	10	25	5	10
		609		254		671		335		165	0.000160694	0.00160694	0	0	0	0.0028925	0.0056243	0	0.00257111	0	0.00385666	0	0.00578499	0	0	0.000321388	0.000160694	0	0.000321388	0.00257111	0.00192833	0	0	0.00112486	0	0.000321388	0.000482083	0	0	0.000803471	0
	19	20	8	6	21	20	10	25	5	10
		609		254		671		335		165	0.000803471	0	0.000160694	0	0.00160694	0.00305319	0.000160694	0.00305319	0.000803471	0	0.00144625	0	0.000482083	0	0	0.00610638	0	0.000482083	0.000642777	0.000160694	0.0134983	0	0.00353527	0	0.00128555	0	0	0.00433874	0	0.000321388	0.000160694
	19	20	8	6	21	20	25	20	10	25
		609		254		671		795		335	0.000803471	0.000160694	0.000160694	0	0.00160694	0.000803471	0.00305319	0.00514221	0.00192833	0	0	0.000803471	0	0.000160694	0	0.000321388	0	0.000160694	0.000160694	0.000642777	0.000482083	0	0.000642777	0	0.000482083	0.00128555	0	0	0.000642777	0	0
	19	20	8	6	21	20	25	20	10	25
		609		254		671		795		335	0.000321388	0.00353527	0	0.000642777	0	0.00530291	0	0	0.0149446	0	0	0	0.000964165	0	0	0.0056243	0	0	0.000321388	0.00176764	0.00530291	0.00642777	0	0	0	0.00674916	0.000321388	0	0	0	0
	19	20	8	6	27	8	21	20	25	20
		609		254		845		671		795	0	0.00224972	0	0.000803471	0	0.00787402	0.000482083	0.00353527	0.00674916	0.00112486	0.00385666	0	0.000160694	0.000160694	0.000160694	0	0	0	0	0.000642777	0.0054636	0	0	0	0	0.00321388	0.000482083	0.00337458	0	0	0
	19	20	8	6	27	8	21	20	25	20
		609		254		845		671		795	0	0	0.000160694	0.000160694	0.000160694	0.000642777	0.000482083	0	0.00658846	0	0.000321388	0.00128555	0	0.00144625	0	0.00192833	0	0	0.000160694	0.00208902	0.000160694	0	0	0	0	0.00128555	0	0	0.000482083	0	0.000321388
	19	20	8	6	27	8	21	20	25	20
		609		254		845		671		795	0.000482083	0.000642777	0	0	0	0.00466013	0.000803471	0.00642777	0.00224972	0.00594569	0	0	0.000321388	0.0110879	0.00128555	0.00176764	0.00128555	0.00176764	0.0028925	0.000160694	0	0.000321388	0.00337458	0	0.000160694	0.00224972	0	0.00208902	0	0.00224972	0.000964165
	19	20	8	6	27	8	21	20	25	20
		609		254		845		671		795